0.0041 0.435859 -0.57399
0.0041 0.438918 0.742601
0.0041 0.452906 3.44375
0.0041 0.441957 -2.67631
0.0041 0.45145 2.32977
0.0041 0.40059 -12.4595
0.0041 0.389285 -2.77118
0.0041 0.346641 -10.4462
0.0041 0.342945 -0.905815
0.0041 0.369698 6.55246
0.0041 0.381566 2.90916
0.0041 0.377632 -0.964099
0.0041 0.319719 -14.188
0.0041 0.335203 3.7944
0.0041 0.343026 1.91756
0.0041 0.358367 3.75958
0.0041 0.350736 -1.87043
0.0041 0.342833 -1.93625
0.0041 0.32754 -3.74787
0.0041 0.308336 -4.70749
0.0041 0.288993 -4.74036
0.0041 0.300658 2.85987
0.0041 0.315819 3.71362
0.0041 0.299652 -3.95009
0.0041 0.289496 -2.49314
0.0041 0.304171 3.5934
0.0041 0.304556 0.0945551
0.0041 0.296529 -1.96608
0.0041 0.281485 -3.68926
0.0041 0.27735 -1.01317
0.0041 0.289087 2.87721
0.0041 0.288898 -0.0463079
0.0041 0.292901 0.981273
0.0041 0.277421 -3.79355
0.0041 0.261851 -3.81308
0.0041 0.254266 -1.8585
0.0041 0.249536 -1.15484
0.0041 0.242886 -1.63065
0.0041 0.285116 10.3481
0.0041 0.25804 -6.63196
0.0041 0.250562 -1.83351
0.0041 0.246475 -1.00086
0.0041 0.254403 1.94339
0.0041 0.250387 -0.983912
0.0041 0.231227 -4.69602
0.0041 0.231174 -0.0130513
0.0041 0.250436 4.71999
0.0041 0.250578 0.0347759
0.0041 0.250444 -0.0328173
0.0041 0.242777 -1.879
0.0041 0.235058 -1.89182
0.0041 0.238885 0.937817
0.0041 0.242836 0.968769
0.0041 0.246633 0.930474
0.0041 0.235119 -2.82245
0.0041 0.246491 2.7855
0.0041 0.235171 -2.77569
0.0041 0.246607 2.80266
0.0041 0.250533 0.962464
0.0041 0.238867 -2.85855
0.0041 0.230993 -1.92811
0.0041 0.223588 -1.81544
0.0041 0.231222 1.87104
0.0041 0.246693 3.79271
0.0041 0.25818 2.81526
0.0041 0.231131 -6.62692
0.0041 0.238956 1.91793
0.0041 0.238882 -0.017936
0.0041 0.254371 3.79652
0.0041 0.242732 -2.85206
0.0041 0.258169 3.78306
0.0041 0.223546 -8.48697
0.0041 0.211838 -2.86816
0.0041 0.22734 3.79915
0.0041 0.227451 0.0272102
0.0041 0.234849 1.81149
0.0041 0.239026 1.02407
0.0041 0.227357 -2.85984
0.0041 0.265174 9.24323
0.0041 0.248327 -4.03141
0.0041 0.214304 -8.13545
0.0041 0.235524 5.12673
0.0041 0.241211 1.36323
0.0041 0.252318 2.74204
0.0041 0.249452 -0.699572
0.0041 0.23917 -2.5226
0.0041 0.246507 1.79749
0.0041 0.246769 0.0642025
0.0041 0.242505 -1.04396
0.0041 0.242813 0.0754786
0.0041 0.246498 0.902646
0.0041 0.258219 2.87315
0.0041 0.242734 -3.79469
0.0041 0.231264 -2.81169
0.0041 0.246461 3.72206
0.0041 0.258281 2.89805
0.0041 0.238862 -4.75809
0.004305 0.310242 -0.0404088
0.004305 0.295189 -3.62307
0.004305 0.318503 5.7593
0.004305 0.314592 -0.954207
0.004305 0.312737 -0.455432
0.004305 0.323337 2.59499
0.004305 0.323899 0.137677
0.004305 0.315858 -1.96973
0.004305 0.316077 0.0535317
0.004305 0.315848 -0.0559762
0.004305 0.319996 1.01715
0.004305 0.315902 -1.00309
0.004305 0.335349 4.76731
0.004305 0.331287 -0.995124
0.004305 0.331443 0.0382354
0.004305 0.308269 -5.67929
0.004305 0.319923 2.85697
0.004305 0.327388 1.82845
0.004305 0.330979 0.879038
0.004305 0.334952 0.972905
0.004305 0.335405 0.110955
0.004305 0.342949 1.84882
0.004305 0.335309 -1.87257
0.004305 0.323557 -2.879
0.004305 0.342998 4.76492
0.004305 0.350837 1.92221
0.004305 0.33515 -3.84337
0.004305 0.327414 -1.89515
0.004305 0.327406 -0.00198457
0.004305 0.32762 0.0523535
0.004305 0.350602 5.63155
0.004305 0.362295 2.86633
0.004305 0.354491 -1.91268
0.004305 0.354464 -0.00657723
0.004305 0.335314 -4.69418
0.004305 0.337973 0.649625
0.004305 0.335732 -0.550128
0.004305 0.327264 -2.07342
0.004305 0.33156 1.05337
0.004305 0.350633 4.67398
0.004305 0.362256 2.84887
0.004305 0.369495 1.77188
0.004305 0.341581 -6.81365
0.004305 0.335739 -1.43381
0.004305 0.338852 0.762381
0.004305 0.358479 4.81158
0.004305 0.362256 0.925633
0.004305 0.346674 -3.81723
0.004305 0.339202 -1.83176
0.004305 0.350703 2.81895
0.004305 0.354538 0.940066
0.004305 0.362271 1.89549
0.004305 0.377212 3.65749
0.004305 0.393301 3.94549
0.004305 0.369773 -5.76374
0.004305 0.362349 -1.82011
0.004305 0.381466 4.68482
0.004305 0.377488 -0.974329
0.004305 0.373878 -0.884985
0.004305 0.377512 0.890337
0.004305 0.388625 2.69281
0.004305 0.422196 8.27007
0.004305 0.368921 -13.0209
0.004305 0.358738 -2.49816
0.004305 0.369799 2.70973
0.004305 0.381565 2.88406
0.004305 0.392841 2.76214
0.004305 0.373938 -4.63469
0.004305 0.377619 0.902082
0.004305 0.373836 -0.92719
0.004305 0.373761 -0.0184099
0.004305 0.381394 1.87031
0.004305 0.366201 -3.72487
0.004305 0.373793 1.86073
0.004305 0.373891 0.0240367
0.004305 0.369917 -0.973967
0.004305 0.381436 2.82281
0.004305 0.374027 -1.81713
0.004305 0.35439 -4.81087
0.004305 0.365958 2.83411
0.004305 0.373593 1.8704
0.004305 0.354519 -4.67472
0.004305 0.366057 2.82758
0.004305 0.366091 0.00835558
0.004305 0.353021 -3.18982
0.004305 0.331446 -5.2882
0.004305 0.362198 7.53598
0.004305 0.366137 0.965597
0.004305 0.358378 -1.90163
0.004305 0.358464 0.0210844
0.004305 0.342815 -3.83361
0.004305 0.32758 -3.73417
0.004305 0.339065 2.81446
0.004305 0.346872 1.91351
0.004305 0.346829 -0.0104392
0.004305 0.342853 -0.974201
0.004305 0.323786 -4.67432
0.004305 0.285192 -9.45983
0.004305 0.335228 12.262
0.004305 0.335175 -0.0129008
0.004305 0.339031 0.944822
0.004305 0.335355 -0.901184
0.004305 0.335252 -0.02538
0.004305 0.331401 -0.943819
0.004305 0.31965 -2.87823
0.004305 0.316002 -0.894184
0.004305 0.335295 4.72895
0.004305 0.327522 -1.90467
0.004305 0.319891 -1.87074
0.004305 0.33126 2.78514
0.004305 0.312308 -4.6473
0.004305 0.323622 2.77239
0.004305 0.323776 0.0377298
0.004305 0.319833 -0.966546
0.004305 0.319771 -0.0149972
0.004305 0.323763 0.978472
0.004305 0.312129 -2.85127
0.004305 0.316047 0.960346
0.004305 0.312096 -0.96811
0.004305 0.315888 0.929012
0.004305 0.319895 0.982347
0.004305 0.316026 -0.948499
0.004305 0.31598 -0.011199
0.004305 0.316027 0.0115804
0.004305 0.300484 -3.80829
0.004305 0.29588 -1.12517
0.004305 0.299283 0.820007
0.004305 0.294828 -1.05751
0.004305 0.294024 -0.185609
0.004305 0.314913 5.10227
0.004305 0.311637 -0.801685
0.004305 0.296928 -3.60737
0.004305 0.28893 -1.95961
0.004305 0.277495 -2.80309
0.004305 0.292776 3.74408
0.004305 0.285062 -1.89002
0.004305 0.296513 2.80454
0.004305 0.300633 1.01001
0.004305 0.292826 -1.91326
0.004305 0.277308 -3.80101
0.004305 0.285249 1.94671
0.004305 0.27723 -1.96366
0.004305 0.289114 2.91357
0.004305 0.292826 0.909638
0.004305 0.288923 -0.95632
0.004305 0.292908 0.976811
0.004305 0.304377 2.81037
0.004305 0.30064 -0.916146
0.004305 0.292692 -1.94682
0.004305 0.285282 -1.81675
0.004305 0.284776 -0.123729
0.004305 0.292966 2.00773
0.004305 0.292795 -0.0417025
0.004305 0.285012 -1.90656
0.004305 0.296857 2.90427
0.004305 0.296631 -0.0554205
0.004305 0.292877 -0.920099
0.004305 0.327641 8.52266
0.004305 0.284887 -10.4684
0.004305 0.277471 -1.81757
0.004305 0.269709 -1.90201
0.004305 0.281338 2.85045
0.004305 0.285106 0.923142
0.004305 0.304359 4.71764
0.004305 0.28906 -3.75022
0.004305 0.28129 -1.90426
0.004305 0.289048 1.90163
0.004305 0.288973 -0.0182075
0.004305 0.288954 -0.00485805
0.004305 0.277505 -2.8064
0.004305 0.285151 1.87391
0.004305 0.285265 0.0279217
0.004305 0.288906 0.892038
0.004305 0.285234 -0.900298
0.004305 0.296697 2.8092
0.004305 0.289072 -1.86912
0.004305 0.281099 -1.9525
0.004305 0.288011 1.688
0.004305 0.29344 1.33316
0.00451 0.356832 -1.89267
0.00451 0.332264 -5.89952
0.00451 0.349732 4.31698
0.00451 0.356851 1.73739
0.00451 0.351344 -1.35218
0.00451 0.36171 2.53685
0.00451 0.362575 0.212258
0.00451 0.35053 -2.95094
0.00451 0.362238 2.86941
0.00451 0.37001 1.90528
0.00451 0.350444 -4.79223
0.00451 0.350826 0.0935647
0.00451 0.366044 3.72928
0.00451 0.366123 0.0193524
0.00451 0.361994 -1.01128
0.00451 0.36601 0.984018
0.00451 0.365937 -0.0177713
0.00451 0.366069 0.0323083
0.00451 0.366058 -0.00263821
0.00451 0.373619 1.85217
0.00451 0.377715 1.00407
0.00451 0.369873 -1.92155
0.00451 0.385384 3.80169
0.00451 0.389271 0.952857
0.00451 0.350425 -9.51382
0.00451 0.3623 2.91084
0.00451 0.377562 3.73976
0.00451 0.400793 5.69391
0.00451 0.381352 -4.76282
0.00451 0.389093 1.89645
0.00451 0.381573 -1.84329
0.00451 0.373766 -1.91336
0.00451 0.377766 0.980758
0.00451 0.362194 -3.81601
0.00451 0.365971 0.92539
0.00451 0.37927 3.20783
0.00451 0.41546 8.93715
0.00451 0.39148 -5.85349
0.00451 0.378287 -3.23895
0.00451 0.385014 1.64714
0.00451 0.381397 -0.886125
0.00451 0.385352 0.969174
0.00451 0.385396 0.0108813
0.00451 0.377552 -1.92195
0.00451 0.385286 1.89499
0.00451 0.396825 2.82744
0.00451 0.396943 0.029084
0.00451 0.419987 5.64699
0.00451 0.419947 -0.00985963
0.00451 0.393131 -6.57331
0.00451 0.396879 0.91854
0.00451 0.420085 5.68801
0.00451 0.408409 -2.86116
0.00451 0.40845 0.0100322
0.00451 0.420085 2.85193
0.00451 0.416276 -0.93376
0.00451 0.427723 2.80531
0.00451 0.404676 -5.64916
0.00451 0.396719 -1.94921
0.00451 0.408668 2.93001
0.00451 0.435393 6.549
0.00451 0.393222 -10.3398
0.00451 0.404236 2.69686
0.00451 0.40104 -0.783818
0.00451 0.408395 1.8022
0.00451 0.393142 -3.73908
0.00451 0.400487 1.79899
0.00451 0.423784 5.70833
0.00451 0.385375 -9.41393
0.00451 0.412267 6.5897
0.00451 0.393081 -4.70239
0.00451 0.385271 -1.91379
0.00451 0.389081 0.933631
0.00451 0.427759 9.47977
0.00451 0.408485 -4.72398
0.00451 0.393123 -3.76547
0.00451 0.381437 -2.86355
0.00451 0.369842 -2.84102
0.00451 0.381541 2.86751
0.00451 0.404533 5.63371
0.00451 0.393129 -2.79542
0.00451 0.385406 -1.89317
0.00451 0.373641 -2.88216
0.00451 0.377758 1.00925
0.00451 0.389197 2.80345
0.00451 0.380225 -2.1914
0.00451 0.378154 -0.508238
0.00451 0.377479 -0.165418
0.00451 0.354697 -5.58614
0.00451 0.362137 1.82295
0.00451 0.377718 3.81923
0.00451 0.369493 -2.01336
0.00451 0.36238 -1.74402
0.00451 0.377583 3.72535
0.00451 0.373873 -0.909449
0.00451 0.366037 -1.92025
0.00451 0.373699 1.87736
0.00451 0.373847 0.0363967
0.00451 0.373764 -0.0204314
0.00451 0.36232 -2.80528
0.00451 0.373528 2.74499
0.00451 0.373748 0.0538122
0.00451 0.362206 -2.82862
0.00451 0.373785 2.83777
0.00451 0.377697 0.95884
0.00451 0.342811 -8.54609
0.00451 0.358504 3.84739
0.00451 0.369876 2.78672
0.00451 0.370034 0.0386775
0.00451 0.365962 -0.997555
0.00451 0.362166 -0.930272
0.00451 0.3584 -0.922992
0.00451 0.350632 -1.90352
0.00451 0.342573 -1.97283
0.00451 0.349921 1.79699
0.00451 0.339245 -2.61762
0.00451 0.354443 3.72387
0.00451 0.373666 4.70963
0.00451 0.350695 -5.63014
0.00451 0.331362 -4.73766
0.00451 0.335193 0.938724
0.00451 0.339159 0.972301
0.00451 0.342881 0.911807
0.00451 0.350662 1.90709
0.00451 0.339041 -2.8477
0.00451 0.331461 -1.85796
0.00451 0.323717 -1.89808
0.00451 0.327485 0.923265
0.00451 0.350685 5.68635
0.00451 0.338933 -2.87873
0.00451 0.339213 0.0684455
0.00451 0.35441 3.72338
0.00451 0.346825 -1.85894
0.00451 0.331325 -3.79785
0.00451 0.341637 2.5174
0.00451 0.343703 0.507609
0.00451 0.350316 1.61907
0.00451 0.335545 -3.62324
0.00451 0.33501 -0.131196
0.00451 0.335245 0.0577482
0.00451 0.339215 0.97323
0.00451 0.35838 4.69697
0.00451 0.323497 -8.5439
0.00451 0.319884 -0.885767
0.00451 0.327335 1.82499
0.00451 0.339152 2.89655
0.00451 0.350641 2.81549
0.00451 0.319862 -7.54376
0.00451 0.327411 1.84926
0.00451 0.3353 1.93382
0.00451 0.327417 -1.93122
0.00451 0.331466 0.992385
0.00451 0.327535 -0.963441
0.00451 0.323606 -0.962589
0.00451 0.327657 0.993295
0.00451 0.331425 0.9235
0.00451 0.319834 -2.84074
0.00451 0.331469 2.85214
0.00451 0.338958 1.83446
0.004715 0.395567 0.980608
0.004715 0.393747 -0.438185
0.004715 0.395817 0.510783
0.004715 0.391431 -1.07046
0.004715 0.405421 3.4356
0.004715 0.408077 0.650216
0.004715 0.393306 -3.62225
0.004715 0.400356 1.72589
0.004715 0.416128 3.86502
0.004715 0.404664 -2.80992
0.004715 0.400824 -0.941302
0.004715 0.40458 0.920392
0.004715 0.393085 -2.81736
0.004715 0.407318 3.47842
0.004715 0.424402 4.19207
0.004715 0.411851 -3.07248
0.004715 0.416451 1.12825
0.004715 0.427562 2.72197
0.004715 0.404475 -5.65638
0.004715 0.404708 0.0571184
0.004715 0.435286 7.49154
0.004715 0.408566 -6.55019
0.004715 0.400723 -1.92207
0.004715 0.412183 2.80775
0.004715 0.443246 7.61452
0.004715 0.420032 -5.68917
0.004715 0.4394 4.74777
0.004715 0.419913 -4.77458
0.004715 0.41601 -0.956261
0.004715 0.404706 -2.77103
0.004715 0.396863 -1.92191
0.004715 0.419956 5.65879
0.004715 0.439022 4.66982
0.004715 0.435557 -0.849401
0.004715 0.41999 -3.8149
0.004715 0.433777 3.33644
0.004715 0.42632 -1.83798
0.004715 0.418848 -1.82624
0.004715 0.420612 0.432908
0.004715 0.419761 -0.208413
0.004715 0.435613 3.88655
0.004715 0.443019 1.81452
0.004715 0.447034 0.984197
0.004715 0.458582 2.83024
0.004715 0.447093 -2.81619
0.004715 0.446966 -0.0311729
0.004715 0.443034 -0.96348
0.004715 0.443282 0.0607083
0.004715 0.450837 1.85165
0.004715 0.470222 4.75194
0.004715 0.470076 -0.0358904
0.004715 0.443042 -6.624
0.004715 0.439345 -0.906028
0.004715 0.44703 1.88351
0.004715 0.443235 -0.930297
0.004715 0.454517 2.76382
0.004715 0.45107 -0.845021
0.004715 0.443147 -1.9419
0.004715 0.442999 -0.0361751
0.004715 0.43155 -2.80562
0.004715 0.446873 3.75424
0.004715 0.443173 -0.906929
0.004715 0.441856 -0.321799
0.004715 0.443856 0.49093
0.004715 0.423466 -4.9924
0.004715 0.439324 3.88674
0.004715 0.431688 -1.87174
0.004715 0.423572 -1.98756
0.004715 0.435523 2.92944
0.004715 0.427695 -1.91826
0.004715 0.408324 -4.74593
0.004715 0.427799 4.77375
0.004715 0.431529 0.914069
0.004715 0.423908 -1.86803
0.004715 0.419912 -0.979004
0.004715 0.392783 -6.64408
0.004715 0.422573 7.27817
0.004715 0.420406 -0.531367
0.004715 0.412082 -2.03897
0.004715 0.396954 -3.70797
0.004715 0.362204 -8.51604
0.004715 0.396885 8.49913
0.004715 0.416147 4.72049
0.004715 0.400625 -3.80281
0.004715 0.400602 -0.00577061
0.004715 0.408442 1.92127
0.004715 0.393093 -3.76216
0.004715 0.396905 0.934484
0.004715 0.404702 1.9111
0.004715 0.400674 -0.987004
0.004715 0.412481 2.89489
0.004715 0.416204 0.912604
0.004715 0.397013 -4.70456
0.004715 0.389233 -1.90702
0.004715 0.39676 1.84396
0.004715 0.400874 1.00858
0.004715 0.393079 -1.91047
0.004715 0.396975 0.954884
0.004715 0.396887 -0.0214574
0.004715 0.39299 -0.954828
0.004715 0.396975 0.976823
0.004715 0.396889 -0.0211954
0.004715 0.373789 -5.66129
0.004715 0.373765 -0.00606116
0.004715 0.373849 0.0206608
0.004715 0.369935 -0.959261
0.004715 0.404682 8.51721
0.004715 0.385312 -4.74671
0.004715 0.366019 -4.72764
0.004715 0.369803 0.927248
0.004715 0.362242 -1.8532
0.004715 0.373595 2.78099
0.004715 0.377696 1.00507
0.004715 0.365909 -2.88725
0.004715 0.362435 -0.852005
0.004715 0.354355 -1.97926
0.004715 0.366249 2.91638
0.004715 0.366101 -0.0363018
0.004715 0.377573 2.81089
0.004715 0.381317 0.917229
0.004715 0.385452 1.01369
0.004715 0.362197 -5.69887
0.004715 0.373843 2.85453
0.004715 0.377548 0.907812
0.004715 0.369951 -1.86181
0.004715 0.362291 -1.87769
0.004715 0.362214 -0.0189306
0.004715 0.373744 2.82563
0.004715 0.389381 3.83394
0.004715 0.381529 -1.92452
0.004715 0.346794 -8.51249
0.004715 0.35459 1.91103
0.004715 0.362104 1.84093
0.004715 0.381565 4.77034
0.004715 0.354336 -6.66972
0.004715 0.366184 2.90447
0.004715 0.36226 -0.961744
0.004715 0.358108 -1.01688
0.004715 0.358526 0.102451
0.004715 0.354458 -0.996801
0.004715 0.362316 1.92639
0.004715 0.366073 0.920874
0.004715 0.362176 -0.955136
0.004715 0.362266 0.022172
0.004715 0.358339 -0.962268
0.00492 0.411032 -8.64008
0.00492 0.424884 3.31267
0.00492 0.417321 -1.87611
0.00492 0.409592 -1.88166
0.00492 0.409759 0.0411785
0.00492 0.426708 4.14388
0.00492 0.43989 3.23484
0.00492 0.412005 -6.82864
0.00492 0.435582 5.78004
0.00492 0.439156 0.875566
0.00492 0.439145 -0.00263595
0.00492 0.423952 -3.72404
0.00492 0.427701 0.918567
0.00492 0.435382 1.88239
0.00492 0.447052 2.86027
0.00492 0.446725 -0.0799462
0.00492 0.443377 -0.820994
0.00492 0.454638 2.75939
0.00492 0.439403 -3.73468
0.00492 0.443146 0.917212
0.00492 0.458455 3.75109
0.00492 0.427778 -7.51903
0.00492 0.439243 2.80943
0.00492 0.466196 6.60454
0.00492 0.458073 -1.98845
0.00492 0.458852 0.190884
0.00492 0.442765 -3.93917
0.00492 0.447118 1.06703
0.00492 0.435293 -2.89704
0.00492 0.419647 -3.83109
0.00492 0.458759 9.58967
0.00492 0.48158 5.59185
0.00492 0.447078 -8.45713
0.00492 0.44694 -0.0338259
0.00492 0.469884 5.62016
0.00492 0.443302 -6.51684
0.00492 0.450594 1.78609
0.00492 0.447022 -0.875472
0.00492 0.454524 1.83789
0.00492 0.466305 2.88748
0.00492 0.485506 4.70548
0.00492 0.501009 3.7998
0.00492 0.46238 -9.46638
0.00492 0.46225 -0.0319432
0.00492 0.472274 2.42828
0.00492 0.465107 -1.76692
0.00492 0.476482 2.77992
0.00492 0.497769 5.22408
0.00492 0.454276 -10.6489
0.00492 0.466425 2.97843
0.00492 0.493267 6.57873
0.00492 0.507004 3.35573
0.00492 0.455384 -12.6699
0.00492 0.481088 6.29191
0.00492 0.477794 -0.80729
0.00492 0.47778 -0.00344308
0.00492 0.462551 -3.73332
0.00492 0.477652 3.69956
0.00492 0.466081 -2.83464
0.00492 0.470123 0.990601
0.00492 0.470202 0.019208
0.00492 0.454599 -3.82295
0.00492 0.469982 3.76878
0.00492 0.466319 -0.89771
0.00492 0.446929 -4.7513
0.00492 0.458506 2.83681
0.00492 0.43937 -4.69058
0.00492 0.435279 -1.00227
0.00492 0.474114 9.52048
0.00492 0.450757 -5.72316
0.00492 0.447088 -0.899268
0.00492 0.439284 -1.91264
0.00492 0.443114 0.938747
0.00492 0.443107 -0.00186272
0.00492 0.431609 -2.81805
0.00492 0.420121 -2.81606
0.00492 0.447045 6.59923
0.00492 0.439031 -1.96295
0.00492 0.435718 -0.812531
0.00492 0.435321 -0.097302
0.00492 0.431386 -0.963897
0.00492 0.435584 1.02926
0.00492 0.438933 0.820114
0.00492 0.431785 -1.75253
0.00492 0.435405 0.886941
0.00492 0.423761 -2.85281
0.00492 0.442975 4.70718
0.00492 0.43554 -1.82259
0.00492 0.423818 -2.87239
0.00492 0.427867 0.992626
0.00492 0.423823 -0.990936
0.00492 0.435381 2.83221
0.00492 0.443188 1.91348
0.00492 0.435446 -1.89737
0.00492 0.412419 -5.64482
0.00492 0.43161 4.70341
0.00492 0.41985 -2.88079
0.00492 0.408684 -2.73803
0.00492 0.405018 -0.899317
0.00492 0.41993 3.65381
0.00492 0.431683 2.88087
0.00492 0.410852 -5.08695
0.00492 0.393679 -4.21547
0.00492 0.404342 2.61145
0.00492 0.40865 1.05632
0.00492 0.412055 0.833882
0.00492 0.400681 -2.78683
0.00492 0.396964 -0.911216
0.00492 0.396831 -0.0324384
0.00492 0.404654 1.91734
0.00492 0.416 2.77961
0.00492 0.424108 1.98814
0.00492 0.431608 1.83803
0.00492 0.404795 -6.57424
0.00492 0.396897 -1.93562
0.00492 0.416142 4.7163
0.00492 0.41241 -0.914809
0.00492 0.40067 -2.87675
0.00492 0.400911 0.0592225
0.00492 0.396916 -0.979104
0.00492 0.392984 -0.963614
0.00492 0.397024 0.990548
0.00492 0.396893 -0.0321911
0.00492 0.435495 9.46188
0.00492 0.431591 -0.956948
0.00492 0.385288 -11.3461
0.00492 0.39686 2.83556
0.00492 0.404713 1.92503
0.00492 0.389204 -3.80083
0.00492 0.397033 1.91928
0.00492 0.392859 -1.02233
0.00492 0.40077 1.93869
0.00492 0.396921 -0.943294
0.00492 0.393075 -0.94258
0.00492 0.408403 3.7559
0.005125 0.437919 -7.73784
0.005125 0.453189 3.6676
0.005125 0.458442 1.298
0.005125 0.448717 -2.37209
0.005125 0.44793 -0.193225
0.005125 0.477089 7.13516
0.005125 0.46282 -3.50005
0.005125 0.454578 -2.01942
0.005125 0.454735 0.0384755
0.005125 0.454763 0.00685726
0.005125 0.469905 3.70917
0.005125 0.458775 -2.72878
0.005125 0.458569 -0.0507043
0.005125 0.47405 3.79475
0.005125 0.466111 -1.94498
0.005125 0.477959 2.90451
0.005125 0.497123 4.69698
0.005125 0.474022 -5.66219
0.005125 0.477812 0.928705
0.005125 0.473819 -0.978196
0.005125 0.470239 -0.877675
0.005125 0.500928 7.52096
0.005125 0.501132 0.0499518
0.005125 0.485468 -3.83822
0.005125 0.477418 -1.97114
0.005125 0.477896 0.117029
0.005125 0.477665 -0.0565088
0.005125 0.454665 -5.6364
0.005125 0.500994 11.3554
0.005125 0.523474 5.50312
0.005125 0.485875 -9.22111
0.005125 0.481534 -1.06372
0.005125 0.485528 0.978818
0.005125 0.474084 -2.80533
0.005125 0.485255 2.73636
0.005125 0.474093 -2.73635
0.005125 0.51243 9.39408
0.005125 0.512545 0.028351
0.005125 0.523905 2.78312
0.005125 0.50493 -4.65166
0.005125 0.504666 -0.064594
0.005125 0.519878 3.72581
0.005125 0.507691 -2.95873
0.005125 0.514473 1.66856
0.005125 0.526892 3.03767
0.005125 0.528554 0.407638
0.005125 0.504478 -5.89661
0.005125 0.48962 -3.64321
0.005125 0.527659 9.31796
0.005125 0.496945 -7.52499
0.005125 0.497128 0.0447785
0.005125 0.516305 4.69943
0.005125 0.497116 -4.70313
0.005125 0.508518 2.79377
0.005125 0.485646 -5.60695
0.005125 0.508598 5.62459
0.005125 0.489477 -4.68707
0.005125 0.477782 -2.86584
0.005125 0.496965 4.70002
0.005125 0.508708 2.87827
0.005125 0.493179 -3.80535
0.005125 0.474184 -4.65741
0.005125 0.477669 0.853859
0.005125 0.50485 6.66228
0.005125 0.48167 -5.68098
0.005125 0.474063 -1.86464
0.005125 0.498434 5.89755
0.005125 0.472827 -6.31187
0.005125 0.480364 1.8421
0.005125 0.470815 -2.34381
0.005125 0.458338 -3.05618
0.005125 0.443328 -3.68013
0.005125 0.473812 7.4683
0.005125 0.473963 0.0370232
0.005125 0.470243 -0.911851
0.005125 0.469861 -0.0936681
0.005125 0.466415 -0.844775
0.005125 0.466072 -0.0839455
0.005125 0.474131 1.97577
0.005125 0.466258 -1.92945
0.005125 0.493296 6.6271
0.005125 0.470182 -5.66553
0.005125 0.462136 -1.97083
0.005125 0.470251 1.98955
0.005125 0.461862 -2.05364
0.005125 0.466302 1.08823
0.005125 0.480244 3.40683
0.005125 0.459147 -5.17713
0.005125 0.465917 1.65796
0.005125 0.447205 -4.58799
0.005125 0.450747 0.86773
0.005125 0.44683 -0.959639
0.005125 0.454691 1.9265
0.005125 0.458569 0.950441
0.005125 0.439317 -4.7184
0.005125 0.443199 0.951511
0.005125 0.435218 -1.95495
0.005125 0.447175 2.93142
0.005125 0.439268 -1.93775
0.005125 0.431603 -1.87837
0.005125 0.431354 -0.061114
0.005125 0.442829 2.81025
0.005125 0.44321 0.0933854
0.005125 0.446797 0.878617
0.005125 0.466439 4.81574
0.005125 0.439278 -6.65629
0.005125 0.439206 -0.0176707
0.005125 0.454508 3.74843
0.005125 0.439526 -3.67363
0.005125 0.435341 -1.02551
0.005125 0.454617 4.72326
0.005125 0.473971 4.74323
0.005125 0.420112 -13.2025
0.005125 0.427421 1.79007
0.005125 0.420112 -1.79172
0.005125 0.469822 12.1751
0.005125 0.431576 -9.37302
0.005125 0.435442 0.947546
0.005125 0.431675 -0.923334
0.005125 0.435342 0.898362
0.005125 0.42771 -1.87029
0.005125 0.431664 0.969126
0.005125 0.439249 1.8589
0.005125 0.423947 -3.75083
0.005125 0.45079 6.57761
0.00533 0.492764 2.92103
0.00533 0.492379 -0.0920326
0.00533 0.494101 0.426259
0.00533 0.490616 -0.849747
0.00533 0.502269 2.86365
0.00533 0.50026 -0.491894
0.00533 0.49706 -0.784136
0.00533 0.50438 1.79262
0.00533 0.501033 -0.820438
0.00533 0.508299 1.77947
0.00533 0.501091 -1.76707
0.00533 0.500614 -0.116952
0.00533 0.512631 2.94588
0.00533 0.500873 -2.88128
0.00533 0.51253 2.8572
0.00533 0.516436 0.957263
0.00533 0.519799 0.823687
0.00533 0.512662 -1.74966
0.00533 0.500826 -2.90014
0.00533 0.519992 4.69509
0.00533 0.539574 4.80011
0.00533 0.516003 -5.77273
0.00533 0.528082 2.96113
0.00533 0.516123 -2.92945
0.00533 0.497186 -4.64189
0.00533 0.496799 -0.0948211
0.00533 0.534286 9.16421
0.00533 0.547754 3.30404
0.00533 0.516216 -7.72718
0.00533 0.543446 6.67491
0.00533 0.52377 -4.81931
0.00533 0.516551 -1.76992
0.00533 0.512424 -1.01142
0.00533 0.527927 3.79954
0.00533 0.539563 2.85211
0.00533 0.569988 7.45245
0.00533 0.551221 -4.60102
0.00533 0.547053 -1.02106
0.00533 0.547232 0.0437407
0.00533 0.524127 -5.66305
0.00533 0.55077 6.52623
0.00533 0.55889 1.99066
0.00533 0.570244 2.78223
0.00533 0.543437 -6.57109
0.00533 0.539063 -1.07101
0.00533 0.539393 0.0809184
0.00533 0.531823 -1.85546
0.00533 0.543354 2.82607
0.00533 0.531724 -2.84994
0.00533 0.554671 5.62158
0.00533 0.531832 -5.59798
0.00533 0.535579 0.918063
0.00533 0.524166 -2.79756
0.00533 0.531479 1.7914
0.00533 0.531795 0.077258
0.00533 0.520269 -2.82487
0.00533 0.515505 -1.16579
0.00533 0.501352 -3.47138
0.00533 0.511966 2.59852
0.00533 0.53952 6.75345
0.00533 0.53178 -1.8969
0.00533 0.50099 -7.54656
0.00533 0.493199 -1.90924
0.00533 0.516375 5.67998
0.00533 0.504607 -2.88304
0.00533 0.470164 -8.44203
0.00533 0.523873 13.1581
0.00533 0.504583 -4.72545
0.00533 0.512714 1.99341
0.00533 0.508404 -1.05573
0.00533 0.504681 -0.912204
0.00533 0.500924 -0.920666
0.00533 0.516338 3.77752
0.00533 0.504555 -2.88647
0.00533 0.508719 1.02072
0.00533 0.527468 4.59094
0.00533 0.505022 -5.50332
0.00533 0.492228 -3.12907
0.00533 0.501236 2.20886
0.00533 0.500762 -0.116123
0.00533 0.508668 1.93762
0.00533 0.497177 -2.81674
0.00533 0.512494 3.75382
0.00533 0.473959 -9.44371
0.00533 0.481692 1.89515
0.00533 0.481751 0.0144413
0.00533 0.512326 7.49055
0.00533 0.489411 -5.61615
0.00533 0.473814 -3.82117
0.00533 0.485721 2.9191
0.00533 0.485557 -0.0400015
0.00533 0.46237 -5.6822
0.00533 0.466223 0.944219
0.00533 0.462284 -0.965138
0.00533 0.485694 5.73928
0.00533 0.48143 -1.04451
0.00533 0.504933 5.76164
0.00533 0.500568 -1.06894
0.00533 0.472082 -6.89739
0.00533 0.480546 2.08611
0.00533 0.47261 -1.93939
0.00533 0.474765 0.528928
0.00533 0.49647 5.31281
0.00533 0.493516 -0.724241
0.00533 0.4662 -6.69364
0.00533 0.462457 -0.917437
0.00533 0.493167 7.52516
0.00533 0.466228 -6.60167
0.00533 0.470165 0.965022
0.00533 0.466271 -0.954326
0.00533 0.470186 0.959535
0.00533 0.462412 -1.90516
0.00533 0.466205 0.929429
0.00533 0.470262 0.994558
0.00533 0.466137 -1.01052
0.00533 0.481765 3.83076
0.005535 0.527661 -8.54873
0.005535 0.528374 0.171177
0.005535 0.512885 -3.82745
0.005535 0.517954 1.2368
0.005535 0.528873 2.68085
0.005535 0.542928 3.44205
0.005535 0.547503 1.12174
0.005535 0.546946 -0.136318
0.005535 0.532048 -3.6532
0.005535 0.554629 5.53163
0.005535 0.551243 -0.830105
0.005535 0.547178 -0.996305
0.005535 0.547334 0.038144
0.005535 0.554777 1.82391
0.005535 0.558656 0.95041
0.005535 0.551103 -1.85131
0.005535 0.550749 -0.0865997
0.005535 0.5358 -3.66482
0.005535 0.570234 8.43779
0.005535 0.558575 -2.85644
0.005535 0.570388 2.89541
0.005535 0.550861 -4.78393
0.005535 0.531798 -4.6721
0.005535 0.523942 -1.92492
0.005535 0.551089 6.65373
0.005535 0.585782 8.50329
0.005535 0.547031 -9.4944
0.005535 0.547288 0.0631074
0.005535 0.566171 4.62558
0.005535 0.562905 -0.801035
0.005535 0.554858 -1.97203
0.005535 0.562698 1.92177
0.005535 0.589662 6.6093
0.005535 0.58926 -0.0983893
0.005535 0.582137 -1.74666
0.005535 0.593443 2.77107
0.005535 0.597456 0.983817
0.005535 0.562575 -8.54824
0.005535 0.570207 1.87018
0.005535 0.570361 0.0377145
0.005535 0.597115 6.555
0.005535 0.624438 6.69821
0.005535 0.56238 -15.203
0.005535 0.585301 5.61339
0.005535 0.562829 -5.50979
0.005535 0.558648 -1.02448
0.005535 0.581857 5.6879
0.005535 0.577788 -0.996695
0.005535 0.570308 -1.83326
0.005535 0.551199 -4.68456
0.005535 0.562542 2.77962
0.005535 0.578104 3.81452
0.005535 0.55851 -4.80012
0.005535 0.547374 -2.73003
0.005535 0.535527 -2.90278
0.005535 0.578142 10.4463
0.005535 0.570103 -1.96963
0.005535 0.539334 -7.5387
0.005535 0.543418 1.00107
0.005535 0.543301 -0.0287191
0.005535 0.539348 -0.968422
0.005535 0.512675 -6.53919
0.005535 0.546962 8.3996
0.005535 0.532007 -3.66678
0.005535 0.543269 2.75962
0.005535 0.535739 -1.84579
0.005535 0.554813 4.67392
0.005535 0.531295 -5.75859
0.005535 0.555218 5.86657
0.005535 0.531637 -5.77779
0.005535 0.558648 6.61862
0.005535 0.550841 -1.91256
0.005535 0.543325 -1.84207
0.005535 0.547347 0.986051
0.005535 0.543382 -0.971816
0.005535 0.543227 -0.0378443
0.005535 0.539358 -0.9482
0.005535 0.547292 1.94492
0.005535 0.520303 -6.61566
0.005535 0.516313 -0.977621
0.005535 0.535613 4.72976
0.005535 0.531702 -0.958287
0.005535 0.516403 -3.7498
0.005535 0.516357 -0.0111349
0.005535 0.531857 3.79922
0.005535 0.516397 -3.78928
0.005535 0.508612 -1.9077
0.005535 0.512619 0.982368
0.005535 0.524055 2.8026
0.005535 0.528019 0.971508
0.005535 0.539444 2.7998
0.005535 0.535594 -0.943303
0.005535 0.528016 -1.85764
0.005535 0.535333 1.79234
0.005535 0.504954 -7.44747
0.005535 0.512253 1.78783
0.005535 0.510854 -0.341796
0.005535 0.509197 -0.406426
0.005535 0.519872 2.61443
0.005535 0.539721 4.86681
0.005535 0.512255 -6.728
0.005535 0.520351 1.98463
0.005535 0.497093 -5.7001
0.005535 0.516492 4.75543
0.005535 0.504746 -2.8782
0.005535 0.520184 3.78323
0.005535 0.501073 -4.68495
0.005535 0.516373 3.74976
0.00574 0.558578 -8.61025
0.00574 0.536619 -5.27781
0.00574 0.574609 9.38076
0.00574 0.559961 -3.57312
0.00574 0.567669 1.89323
0.00574 0.581254 3.32592
0.00574 0.586076 1.18249
0.00574 0.573558 -3.06465
0.00574 0.574149 0.144682
0.00574 0.589597 3.78612
0.00574 0.585811 -0.928064
0.00574 0.589408 0.881294
0.00574 0.593461 0.993352
0.00574 0.612501 4.6648
0.00574 0.601122 -2.78853
0.00574 0.57426 -6.5845
0.00574 0.589447 3.72113
0.00574 0.620473 7.60464
0.00574 0.592955 -6.7386
0.00574 0.609006 3.93493
0.00574 0.59319 -3.87464
0.00574 0.558779 -8.43384
0.00574 0.58192 5.67171
0.00574 0.623959 10.2981
0.00574 0.581811 -10.3285
0.00574 0.600968 4.69347
0.00574 0.593401 -1.85432
0.00574 0.589373 -0.98684
0.00574 0.597204 1.91904
0.00574 0.601208 0.98125
0.00574 0.624644 5.67713
0.00574 0.624023 -0.153115
0.00574 0.629873 1.42901
0.00574 0.636354 1.58985
0.00574 0.62017 -3.96497
0.00574 0.620436 0.0652306
0.00574 0.63203 2.8416
0.00574 0.623984 -1.97096
0.00574 0.63218 2.0093
0.00574 0.616496 -3.84331
0.00574 0.601296 -3.72623
0.00574 0.601099 -0.0483891
0.00574 0.604783 0.902617
0.00574 0.616635 2.90514
0.00574 0.620305 0.899331
0.00574 0.605059 -3.73707
0.00574 0.593318 -2.8768
0.00574 0.600764 1.82377
0.00574 0.612944 2.98609
0.00574 0.601062 -2.91161
0.00574 0.581883 -4.70052
0.00574 0.591278 2.29427
0.00574 0.602163 2.67213
0.00574 0.592879 -2.27301
0.00574 0.586058 -1.67277
0.00574 0.589341 0.804322
0.00574 0.562512 -6.57427
0.00574 0.558819 -0.905092
0.00574 0.592897 8.34424
0.00574 0.578189 -3.60563
0.00574 0.577824 -0.0895039
0.00574 0.589374 2.82986
0.00574 0.57426 -3.70485
0.00574 0.593321 4.67059
0.00574 0.574239 -4.67728
0.00574 0.589594 3.76335
0.00574 0.585525 -0.996841
0.00574 0.58197 -0.871544
0.00574 0.589572 1.86321
0.00574 0.581998 -1.85664
0.00574 0.589488 1.83546
0.00574 0.577828 -2.85682
0.00574 0.566492 -2.77836
0.00574 0.558923 -1.85561
0.00574 0.566442 1.84274
0.00574 0.577974 2.82597
0.00574 0.558868 -4.68336
0.00574 0.554876 -0.978265
0.00574 0.562676 1.91165
0.00574 0.554858 -1.9159
0.00574 0.550909 -0.967588
0.00574 0.555015 1.00671
0.00574 0.562658 1.87312
0.00574 0.570235 1.85691
0.00574 0.577866 1.86967
0.00574 0.566238 -2.84869
0.00574 0.57415 1.93901
0.00574 0.566524 -1.8692
0.00574 0.558689 -1.92002
0.00574 0.574028 3.75836
0.00574 0.577923 0.95443
0.00574 0.547278 -7.51149
0.00574 0.531776 -3.79926
0.00574 0.5705 9.4934
0.00574 0.558588 -2.91853
0.00574 0.5355 -5.65698
0.00574 0.551088 3.82071
0.00574 0.539425 -2.85807
0.00574 0.562768 5.72255
0.00574 0.54697 -3.87015
0.005945 0.604824 -9.63527
0.005945 0.594699 -2.43914
0.005945 0.593696 -0.247546
0.005945 0.60647 3.11852
0.005945 0.602229 -1.04127
0.005945 0.607993 1.41059
0.005945 0.617091 2.23162
0.005945 0.600844 -3.97978
0.005945 0.612974 2.97409
0.005945 0.616472 0.857288
0.005945 0.635643 4.69714
0.005945 0.620494 -3.71333
0.005945 0.639707 4.70909
0.005945 0.651434 2.87494
0.005945 0.624033 -6.71317
0.005945 0.613937 -2.46369
0.005945 0.675145 15.0183
0.005945 0.627293 -11.7122
0.005945 0.643684 4.01811
0.005945 0.635443 -2.01863
0.005945 0.601214 -8.38987
0.005945 0.655008 13.1823
0.005945 0.647277 -1.89445
0.005945 0.624316 -5.62777
0.005945 0.639334 3.67883
0.005945 0.628351 -2.69278
0.005945 0.624244 -1.00666
0.005945 0.64747 5.69315
0.005945 0.647385 -0.0210006
0.005945 0.662526 3.70927
0.005945 0.647424 -3.70134
0.005945 0.670644 5.69181
0.005945 0.662756 -1.93289
0.005945 0.655223 -1.84658
0.005945 0.673991 4.59701
0.005945 0.659338 -3.59332
0.005945 0.662592 0.797426
0.005945 0.655251 -1.79976
0.005945 0.631954 -5.70947
0.005945 0.654783 5.59247
0.005945 0.635735 -4.66763
0.005945 0.647416 2.86292
0.005945 0.655151 1.89578
0.005945 0.63539 -4.8398
0.005945 0.632209 -0.779788
0.005945 0.650833 4.5615
0.005945 0.616785 -8.34758
0.005945 0.627937 2.73239
0.005945 0.631635 0.905695
0.005945 0.628399 -0.793332
0.005945 0.628076 -0.079253
0.005945 0.632036 0.970644
0.005945 0.624218 -1.91592
0.005945 0.612673 -2.82918
0.005945 0.608906 -0.923242
0.005945 0.628083 4.69962
0.005945 0.620477 -1.86433
0.005945 0.62044 -0.00898264
0.005945 0.635639 3.72372
0.005945 0.628253 -1.81058
0.005945 0.620319 -1.9441
0.005945 0.632191 2.91053
0.005945 0.647302 3.70301
0.005945 0.612553 -8.51417
0.005945 0.624409 2.90634
0.005945 0.624279 -0.0318807
0.005945 0.620137 -1.0148
0.005945 0.616421 -0.910452
0.005945 0.616604 0.0448071
0.005945 0.593439 -5.67728
0.005945 0.616714 5.70571
0.005945 0.616508 -0.0503331
0.005945 0.593253 -5.69777
0.005945 0.59742 1.02147
0.005945 0.601109 0.904122
0.005945 0.589646 -2.80969
0.005945 0.589123 -0.127974
0.005945 0.601119 2.93988
0.005945 0.609001 1.93203
0.005945 0.616554 1.8511
0.005945 0.597346 -4.70775
0.005945 0.605016 1.87962
0.005945 0.6049 -0.0283362
0.005945 0.59344 -2.80858
0.005945 0.612859 4.76046
0.005945 0.612739 -0.0294156
0.005945 0.589676 -5.65319
0.005945 0.590578 0.218414
0.005945 0.600464 2.43574
0.005945 0.583525 -4.13572
0.005945 0.590588 1.73405
0.005945 0.584597 -1.46551
0.005945 0.597845 3.24975
0.005945 0.589421 -2.06401
0.00615 0.632167 -7.66597
0.00615 0.624999 -1.71656
0.00615 0.630126 1.26846
0.00615 0.640297 2.4801
0.00615 0.64866 2.0536
0.00615 0.642459 -1.51714
0.00615 0.65572 3.25311
0.00615 0.639026 -4.08712
0.00615 0.651457 3.04754
0.00615 0.658575 1.74366
0.00615 0.659157 0.142497
0.00615 0.662707 0.870098
0.00615 0.685956 5.69819
0.00615 0.643291 -10.4525
0.00615 0.646944 0.894509
0.00615 0.693759 11.4756
0.00615 0.685603 -1.99779
0.00615 0.682333 -0.801734
0.00615 0.666258 -3.93735
0.00615 0.63966 -6.51854
0.00615 0.682134 10.4107
0.00615 0.685612 0.851872
0.00615 0.670683 -3.65976
0.00615 0.670123 -0.137253
0.00615 0.670718 0.14584
0.00615 0.666577 -1.01469
0.00615 0.678392 2.89643
0.00615 0.693586 3.72343
0.00615 0.697365 0.926154
0.00615 0.697654 0.0708663
0.00615 0.701299 0.893203
0.00615 0.701431 0.032444
0.00615 0.688869 -3.07463
0.00615 0.697169 2.03311
0.00615 0.682211 -3.66657
0.00615 0.693451 2.754
0.00615 0.682169 -2.7654
0.00615 0.69716 3.6723
0.00615 0.678227 -4.6402
0.00615 0.674329 -0.955329
0.00615 0.689758 3.78113
0.00615 0.674483 -3.74427
0.00615 0.677792 0.810568
0.00615 0.659136 -4.57368
0.00615 0.666556 1.81823
0.00615 0.678375 2.89745
0.00615 0.662703 -3.84048
0.00615 0.674313 2.84519
0.00615 0.651288 -5.64344
0.00615 0.672414 5.1628
0.00615 0.636701 -8.76466
0.00615 0.612126 -6.01729
0.00615 0.671056 14.4547
0.00615 0.65858 -3.05601
0.00615 0.667041 2.07483
0.00615 0.658782 -2.02365
0.00615 0.666433 1.87454
0.00615 0.670538 1.00616
0.00615 0.681773 2.7523
0.00615 0.670721 -2.70963
0.00615 0.651189 -4.78661
0.00615 0.674169 5.63045
0.00615 0.662906 -2.76088
0.00615 0.658961 -0.966719
0.00615 0.651291 -1.88003
0.00615 0.632028 -4.72136
0.00615 0.662527 7.47171
0.00615 0.64755 -3.67164
0.00615 0.631969 -3.81848
0.00615 0.632209 0.0588808
0.00615 0.635771 0.872878
0.00615 0.635702 -0.0168342
0.00615 0.635939 0.0580977
0.00615 0.647261 2.77412
0.00615 0.658998 2.87686
0.00615 0.650887 -1.98687
0.00615 0.643828 -1.73087
0.00615 0.658921 3.69888
0.00615 0.639756 -4.6975
0.00615 0.639648 -0.0265119
0.00615 0.662316 5.55155
0.00615 0.620731 -10.197
0.00615 0.624069 0.817885
0.00615 0.639761 3.84613
0.00615 0.612236 -6.74053
0.00615 0.631839 4.80321
0.00615 0.628205 -0.890772
0.00615 0.628049 -0.038102
0.00615 0.635902 1.92476
0.006355 0.69437 -10.5386
0.006355 0.666316 -6.75487
0.006355 0.675215 2.19641
0.006355 0.67903 0.930911
0.006355 0.683476 1.09185
0.006355 0.688556 1.24274
0.006355 0.698051 2.32901
0.006355 0.689167 -2.17556
0.006355 0.705102 3.90504
0.006355 0.6898 -3.75046
0.006355 0.709035 4.71417
0.006355 0.716645 1.86487
0.006355 0.720733 1.00203
0.006355 0.681678 -9.5662
0.006355 0.709261 6.76214
0.006355 0.716768 1.83994
0.006355 0.716856 0.0215327
0.006355 0.712822 -0.988565
0.006355 0.678146 -8.49767
0.006355 0.724484 11.3572
0.006355 0.747302 5.59016
0.006355 0.705287 -10.2986
0.006355 0.708698 0.835539
0.006355 0.712944 1.04081
0.006355 0.716486 0.867556
0.006355 0.720786 1.05427
0.006355 0.732188 2.79444
0.006355 0.73201 -0.0434769
0.006355 0.755262 5.69827
0.006355 0.755363 0.0249559
0.006355 0.751215 -1.01643
0.006355 0.747738 -0.852331
0.006355 0.704933 -10.4869
0.006355 0.731408 6.48195
0.006355 0.721071 -2.53517
0.006355 0.724216 0.770621
0.006355 0.71292 -2.76859
0.006355 0.707009 -1.44439
0.006355 0.717459 2.56361
0.006355 0.724051 1.61463
0.006355 0.744004 4.89196
0.006355 0.71288 -7.62785
0.006355 0.69346 -4.75832
0.006355 0.705251 2.88995
0.006355 0.705119 -0.0321455
0.006355 0.712958 1.92136
0.006355 0.69365 -4.73224
0.006355 0.704978 2.77531
0.006355 0.682124 -5.60134
0.006355 0.670448 -2.86143
0.006355 0.705292 8.54094
0.006355 0.689455 -3.87956
0.006355 0.709252 4.8533
0.006355 0.689705 -4.7901
0.006355 0.705282 3.81804
0.006355 0.715977 2.61833
0.006355 0.716851 0.214183
0.006355 0.689702 -6.65297
0.006355 0.712499 5.58407
0.006355 0.720846 2.04643
0.006355 0.708941 -2.91733
0.006355 0.689628 -4.73238
0.006355 0.674143 -3.75077
0.006355 0.709329 8.67407
0.006355 0.687806 -5.26002
0.006355 0.686926 -0.215876
0.006355 0.689122 0.537772
0.006355 0.674877 -3.49406
0.006355 0.674243 -0.1552
0.006355 0.678407 1.02073
0.006355 0.697389 4.65159
0.006355 0.693516 -0.949179
0.006355 0.697659 1.01579
0.006355 0.701347 0.903802
0.006355 0.697618 -0.914025
0.006355 0.704948 1.7958
0.006355 0.682161 -5.58543
0.006355 0.666652 -3.80101
0.006355 0.674552 1.93679
0.006355 0.685921 2.78626
0.006355 0.658821 -6.64056
0.006355 0.662977 1.019
0.006355 0.674347 2.78655
0.006355 0.666708 -1.87253
0.00656 0.725413 -11.4877
0.00656 0.714885 -2.49313
0.00656 0.706699 -2.0327
0.00656 0.711715 1.22056
0.00656 0.719035 1.79966
0.00656 0.738615 4.79077
0.00656 0.716715 -5.36703
0.00656 0.759182 10.4084
0.00656 0.716366 -10.4877
0.00656 0.743563 6.66399
0.00656 0.762604 4.66416
0.00656 0.755119 -1.83394
0.00656 0.709002 -11.3018
0.00656 0.766739 14.1483
0.00656 0.755132 -2.84413
0.00656 0.754858 -0.0670073
0.00656 0.736177 -4.57945
0.00656 0.708957 -6.67035
0.00656 0.786106 18.9076
0.00656 0.75873 -6.70567
0.00656 0.759471 0.18154
0.00656 0.751395 -1.97898
0.00656 0.755462 0.99679
0.00656 0.774382 4.63608
0.00656 0.7742 -0.0445657
0.00656 0.770781 -0.838109
0.00656 0.78975 4.6478
0.00656 0.790083 0.0815673
0.00656 0.801359 2.76287
0.00656 0.785704 -3.83482
0.00656 0.759396 -6.44968
0.00656 0.782116 5.56729
0.00656 0.766918 -3.72525
0.00656 0.770386 0.849759
0.00656 0.758896 -2.81527
0.00656 0.755384 -0.860819
0.00656 0.754794 -0.144504
0.00656 0.759046 1.0421
0.00656 0.786123 6.6362
0.00656 0.728163 -14.2022
0.00656 0.739353 2.74068
0.00656 0.790178 12.4596
0.00656 0.740073 -12.2832
0.00656 0.725697 -3.51077
0.00656 0.748735 5.65498
0.00656 0.716059 -8.00045
0.00656 0.720942 1.19715
0.00656 0.75535 8.43365
0.00656 0.720207 -8.60823
0.00656 0.770753 12.3886
0.00656 0.716317 -13.3331
0.00656 0.759173 10.5036
0.00656 0.762703 0.864924
0.00656 0.728126 -8.47212
0.00656 0.743707 3.81862
0.00656 0.739902 -0.932484
0.00656 0.747775 1.9299
0.00656 0.7397 -1.97865
0.00656 0.731865 -1.91926
0.00656 0.746877 3.67579
0.00656 0.721094 -6.32342
0.00656 0.719941 -0.282311
0.00656 0.743926 5.87987
0.00656 0.716305 -6.76519
0.00656 0.716933 0.154065
0.00656 0.73983 5.61126
0.00656 0.747643 1.91495
0.00656 0.743179 -1.09325
0.00656 0.743946 0.187998
0.00656 0.732039 -2.91757
0.00656 0.755347 5.71275
0.00656 0.755091 -0.0625785
0.00656 0.716517 -9.45081
0.00656 0.735984 4.77078
0.00656 0.728406 -1.8575
0.00656 0.716508 -2.91486
0.00656 0.712717 -0.928934
0.00656 0.712623 -0.0230566
0.00656 0.720484 1.9263
0.006765 0.787257 -5.74459
0.006765 0.726551 -14.5346
0.006765 0.751606 6.17363
0.006765 0.765365 3.34879
0.006765 0.76136 -0.984456
0.006765 0.766757 1.31601
